#functions tagged "up" have a slope of 0.625 at 0 
Swish+up:
-------
  test accuracy: 0.5988 ± 0.0238
    (raw values: [0.5695, 0.6322, 0.6107, 0.629, 0.5898, 0.5931, 0.6258, 0.566, 0.6157, 0.5924, 0.6199, 0.5932, 0.5827, 0.6018, 0.6089, 0.6204, 0.5957, 0.5881, 0.6058, 0.6115, 0.6431, 0.5906, 0.5696, 0.5697, 0.5442])
  training accuracy: 0.6176 ± 0.0315
    (raw values: [0.5777, 0.6609, 0.6207, 0.6536, 0.6046, 0.6066, 0.6583, 0.5823, 0.6479, 0.6078, 0.642, 0.6064, 0.599, 0.6177, 0.6259, 0.6538, 0.6033, 0.5966, 0.6449, 0.638, 0.6736, 0.6037, 0.5806, 0.5866, 0.5474])
  test loss: 1.2920 ± 0.0798
    (raw values: [1.4055, 1.1807, 1.2689, 1.1985, 1.3107, 1.3075, 1.1913, 1.4107, 1.2545, 1.3049, 1.2058, 1.3017, 1.3132, 1.2707, 1.2531, 1.2072, 1.301, 1.3629, 1.3004, 1.2614, 1.1462, 1.3156, 1.3747, 1.3815, 1.4705])
  training loss: 1.1914 ± 0.1045
    (raw values: [1.3232, 1.0521, 1.1766, 1.0771, 1.233, 1.2308, 1.0522, 1.3108, 1.0864, 1.2147, 1.1128, 1.2271, 1.247, 1.1946, 1.1561, 1.0698, 1.2399, 1.2588, 1.1079, 1.1253, 1.0078, 1.2381, 1.3158, 1.299, 1.4276])
  epoch: 35.6400 ± 2.6596
    (raw values: [36.0, 40.0, 35.0, 37.0, 35.0, 33.0, 36.0, 35.0, 33.0, 38.0, 36.0, 34.0, 31.0, 37.0, 40.0, 39.0, 31.0, 37.0, 39.0, 31.0, 38.0, 35.0, 37.0, 35.0, 33.0])


Swish:
------
  test accuracy: 0.5795 ± 0.0223
    (raw values: [0.5647, 0.6089, 0.6049, 0.5867, 0.5929, 0.5755, 0.5462, 0.5803, 0.581, 0.598, 0.5743, 0.5691, 0.5418, 0.5883, 0.5969, 0.5742, 0.5766, 0.5931, 0.6143, 0.5671, 0.5908, 0.6038, 0.5611, 0.5169, 0.5808])
  training accuracy: 0.5897 ± 0.0257
    (raw values: [0.5769, 0.6133, 0.6198, 0.601, 0.6084, 0.5904, 0.5457, 0.5918, 0.5914, 0.6121, 0.5845, 0.5679, 0.5482, 0.6006, 0.6112, 0.581, 0.5876, 0.5914, 0.6258, 0.5743, 0.6155, 0.6182, 0.5745, 0.5181, 0.5921])
  test loss: 1.3607 ± 0.1101
    (raw values: [1.3925, 1.2574, 1.2556, 1.3148, 1.3025, 1.3606, 1.4678, 1.716, 1.3427, 1.2887, 1.3799, 1.3884, 1.491, 1.3057, 1.275, 1.3527, 1.3602, 1.3105, 1.2304, 1.3765, 1.3004, 1.2447, 1.3995, 1.5865, 1.3186])
  training loss: 1.2824 ± 0.0844
    (raw values: [1.3281, 1.2068, 1.186, 1.2464, 1.2184, 1.2782, 1.4252, 1.2792, 1.2718, 1.2072, 1.304, 1.3516, 1.4229, 1.2455, 1.2108, 1.3039, 1.2825, 1.2763, 1.1675, 1.3404, 1.2033, 1.1851, 1.333, 1.5173, 1.2694])
  epoch: 36.4000 ± 3.6515
    (raw values: [40.0, 32.0, 39.0, 37.0, 35.0, 33.0, 40.0, 26.0, 39.0, 37.0, 38.0, 35.0, 39.0, 39.0, 38.0, 40.0, 40.0, 30.0, 35.0, 40.0, 34.0, 33.0, 40.0, 37.0, 34.0])


Mish:
-----
  test accuracy: 0.5970 ± 0.0216
    (raw values: [0.5673, 0.5786, 0.5489, 0.592, 0.6068, 0.6304, 0.5973, 0.5801, 0.6149, 0.6125, 0.6101, 0.586, 0.6011, 0.6241, 0.6136, 0.5768, 0.5788, 0.5778, 0.6242, 0.5888, 0.6152, 0.622, 0.5824, 0.6215, 0.5728])
  training accuracy: 0.6220 ± 0.0295
    (raw values: [0.5776, 0.5968, 0.5635, 0.6122, 0.6354, 0.6627, 0.628, 0.6012, 0.6346, 0.6412, 0.6361, 0.6091, 0.6333, 0.6628, 0.6391, 0.5912, 0.599, 0.6006, 0.6658, 0.6066, 0.6332, 0.67, 0.6039, 0.6601, 0.587])
  test loss: 1.3097 ± 0.0712
    (raw values: [1.3884, 1.3525, 1.4454, 1.3137, 1.2663, 1.2033, 1.339, 1.3856, 1.2262, 1.2517, 1.2833, 1.3234, 1.3104, 1.2167, 1.2513, 1.3714, 1.3626, 1.429, 1.2086, 1.3285, 1.2343, 1.2686, 1.353, 1.2393, 1.3901])
  training loss: 1.1768 ± 0.0972
    (raw values: [1.3188, 1.2569, 1.3756, 1.211, 1.1306, 1.041, 1.1568, 1.2499, 1.138, 1.1181, 1.1281, 1.2176, 1.1379, 1.0373, 1.1209, 1.2757, 1.2542, 1.2459, 1.0346, 1.2336, 1.1356, 1.024, 1.2366, 1.0532, 1.2873])
  epoch: 35.1600 ± 3.4723
    (raw values: [40.0, 33.0, 34.0, 37.0, 34.0, 36.0, 37.0, 31.0, 36.0, 40.0, 32.0, 30.0, 38.0, 36.0, 33.0, 27.0, 40.0, 39.0, 38.0, 31.0, 38.0, 32.0, 37.0, 37.0, 33.0])


Mish+up:
------
  test accuracy: 0.6049 ± 0.0235
    (raw values: [0.597, 0.5727, 0.61, 0.6242, 0.6267, 0.6317, 0.6209, 0.568, 0.5433, 0.6178, 0.5819, 0.5898, 0.6156, 0.614, 0.6132, 0.619, 0.5609, 0.6108, 0.6197, 0.6249, 0.6201, 0.5893, 0.6284, 0.6072, 0.6158])
  training accuracy: 0.6329 ± 0.0291
    (raw values: [0.6228, 0.6049, 0.6334, 0.6598, 0.6622, 0.6697, 0.6549, 0.5776, 0.5619, 0.6517, 0.6158, 0.6167, 0.638, 0.6357, 0.6358, 0.6412, 0.5737, 0.6319, 0.6527, 0.6563, 0.6575, 0.6138, 0.6611, 0.6364, 0.6581])
  test loss: 1.2862 ± 0.0916
    (raw values: [1.3283, 1.3864, 1.2542, 1.2141, 1.208, 1.1821, 1.2449, 1.3892, 1.576, 1.2169, 1.3928, 1.3652, 1.2355, 1.24, 1.2468, 1.2392, 1.4128, 1.2695, 1.2138, 1.2075, 1.2649, 1.3283, 1.1981, 1.2939, 1.2467])
  training loss: 1.1391 ± 0.0956
    (raw values: [1.1673, 1.2354, 1.1343, 1.0582, 1.0466, 1.0195, 1.0662, 1.3196, 1.3692, 1.0752, 1.2026, 1.1919, 1.1216, 1.1271, 1.1301, 1.108, 1.3349, 1.1413, 1.0712, 1.059, 1.058, 1.2096, 1.0497, 1.127, 1.0535])
  epoch: 36.2400 ± 3.4069
    (raw values: [39.0, 35.0, 40.0, 39.0, 35.0, 34.0, 39.0, 37.0, 35.0, 34.0, 36.0, 36.0, 33.0, 29.0, 30.0, 28.0, 38.0, 38.0, 40.0, 38.0, 39.0, 37.0, 40.0, 38.0, 39.0])



Mish:
-----
  Seeds processed in order: [40, 41, 42, 43, 44, 45, 46, 47]
  test accuracy: 0.5877 ± 0.0250
    (raw values: [0.5673, 0.5786, 0.5489, 0.592, 0.6068, 0.6304, 0.5973, 0.5801])
  training accuracy: 0.6097 ± 0.0321
    (raw values: [0.5776, 0.5968, 0.5635, 0.6122, 0.6354, 0.6627, 0.628, 0.6012])
  test loss: 1.3368 ± 0.0760
    (raw values: [1.3884, 1.3525, 1.4454, 1.3137, 1.2663, 1.2033, 1.339, 1.3856])
  training loss: 1.2176 ± 0.1071
    (raw values: [1.3188, 1.2569, 1.3756, 1.211, 1.1306, 1.041, 1.1568, 1.2499])
  epoch: 35.2500 ± 2.8158
    (raw values: [40.0, 33.0, 34.0, 37.0, 34.0, 36.0, 37.0, 31.0])

Mish+up:
------
  Seeds processed in order: [40, 41, 42, 43, 44, 45, 46, 47]
  test accuracy: 0.6064 ± 0.0248
    (raw values: [0.597, 0.5727, 0.61, 0.6242, 0.6267, 0.6317, 0.6209, 0.568])
  training accuracy: 0.6357 ± 0.0323
    (raw values: [0.6228, 0.6049, 0.6334, 0.6598, 0.6622, 0.6697, 0.6549, 0.5776])
  test loss: 1.2759 ± 0.0815
    (raw values: [1.3283, 1.3864, 1.2542, 1.2141, 1.208, 1.1821, 1.2449, 1.3892])
  training loss: 1.1309 ± 0.1048
    (raw values: [1.1673, 1.2354, 1.1343, 1.0582, 1.0466, 1.0195, 1.0662, 1.3196])
  epoch: 37.2500 ± 2.3146
    (raw values: [39.0, 35.0, 40.0, 39.0, 35.0, 34.0, 39.0, 37.0])

Swish:
------
  Seeds processed in order: [40, 41, 42, 43, 44, 45, 46, 47]
  test accuracy: 0.5825 ± 0.0207
    (raw values: [0.5647, 0.6089, 0.6049, 0.5867, 0.5929, 0.5755, 0.5462, 0.5803])
  training accuracy: 0.5934 ± 0.0237
    (raw values: [0.5769, 0.6133, 0.6198, 0.601, 0.6084, 0.5904, 0.5457, 0.5918])
  test loss: 1.3834 ± 0.1520
    (raw values: [1.3925, 1.2574, 1.2556, 1.3148, 1.3025, 1.3606, 1.4678, 1.716])
  training loss: 1.2710 ± 0.0773
    (raw values: [1.3281, 1.2068, 1.186, 1.2464, 1.2184, 1.2782, 1.4252, 1.2792])
  epoch: 35.2500 ± 4.8329
    (raw values: [40.0, 32.0, 39.0, 37.0, 35.0, 33.0, 40.0, 26.0])

ReLU:
-----
  Seeds processed in order: [40, 41, 42, 43, 44, 45, 46, 47]
  test accuracy: 0.5769 ± 0.0346
    (raw values: [0.5879, 0.6181, 0.5027, 0.5703, 0.5878, 0.5982, 0.5603, 0.5901])
  training accuracy: 0.5907 ± 0.0455
    (raw values: [0.6039, 0.6396, 0.4944, 0.5834, 0.6126, 0.6207, 0.5616, 0.6096])
  test loss: 1.3612 ± 0.1126
    (raw values: [1.3108, 1.2143, 1.5798, 1.4462, 1.3287, 1.2943, 1.403, 1.3124])
  training loss: 1.2800 ± 0.1505
    (raw values: [1.2371, 1.1156, 1.6009, 1.3091, 1.212, 1.1868, 1.3679, 1.2108])
  epoch: 34.3750 ± 3.5431
    (raw values: [31.0, 39.0, 32.0, 31.0, 33.0, 33.0, 36.0, 40.0])

ESwish:
-------
  Seeds processed in order: [40, 41, 42, 43, 44, 45, 46, 47]
  test accuracy: 0.5702 ± 0.0195
    (raw values: [0.5729, 0.5874, 0.567, 0.5592, 0.5287, 0.5758, 0.5863, 0.5844])
  training accuracy: 0.5845 ± 0.0225
    (raw values: [0.589, 0.5905, 0.5974, 0.572, 0.5342, 0.5907, 0.6054, 0.5972])
  test loss: 1.4413 ± 0.0933
    (raw values: [1.3886, 1.3854, 1.535, 1.435, 1.5307, 1.5747, 1.3402, 1.3405])
  training loss: 1.2990 ± 0.0728
    (raw values: [1.2771, 1.2829, 1.2635, 1.3407, 1.4617, 1.2803, 1.232, 1.2538])
  epoch: 33.5000 ± 2.3299
    (raw values: [32.0, 30.0, 32.0, 37.0, 33.0, 33.0, 35.0, 36.0])

Swish+up:
--------
  Seeds processed in order: [40, 41, 42, 43, 44, 45, 46, 47]
  test accuracy: 0.6020 ± 0.0264
    (raw values: [0.5695, 0.6322, 0.6107, 0.629, 0.5898, 0.5931, 0.6258, 0.566])
  training accuracy: 0.6206 ± 0.0336
    (raw values: [0.5777, 0.6609, 0.6207, 0.6536, 0.6046, 0.6066, 0.6583, 0.5823])
  test loss: 1.2842 ± 0.0917
    (raw values: [1.4055, 1.1807, 1.2689, 1.1985, 1.3107, 1.3075, 1.1913, 1.4107])
  training loss: 1.1820 ± 0.1110
    (raw values: [1.3232, 1.0521, 1.1766, 1.0771, 1.233, 1.2308, 1.0522, 1.3108])
  epoch: 35.8750 ± 2.0310
    (raw values: [36.0, 40.0, 35.0, 37.0, 35.0, 33.0, 36.0, 35.0])

PMishup:
------
  Seeds processed in order: [40, 41, 42, 43, 44, 45, 46, 47]
  test accuracy: 0.5916 ± 0.0393
    (raw values: [0.6292, 0.5921, 0.6184, 0.6058, 0.5475, 0.6006, 0.6218, 0.5172])
  training accuracy: 0.6149 ± 0.0519
    (raw values: [0.6519, 0.6212, 0.6488, 0.6233, 0.5617, 0.6348, 0.6651, 0.5126])
  test loss: 1.3186 ± 0.1171
    (raw values: [1.218, 1.338, 1.2178, 1.2796, 1.4489, 1.2671, 1.2415, 1.5383])
  training loss: 1.1988 ± 0.1704
    (raw values: [1.0807, 1.1801, 1.093, 1.1631, 1.3731, 1.1312, 1.033, 1.5364])
  epoch: 34.3750 ± 3.1595
    (raw values: [28.0, 33.0, 36.0, 37.0, 33.0, 34.0, 38.0, 36.0])